{
  "keyframes": [
    {
      "matrix": "[0.9746548169602839,0.22371407594542542,1.3877787807814457e-17,0,-0.1345923372366289,0.5863782565278756,0.7987774677771717,0,0.1786977630897968,-0.7785323066483583,0.6016265926398945,0,0.11131775986635921,-0.49839715680004953,-0.080584769591733,1]",
      "fov": 50,
      "aspect": 1.6704545454545454,
      "properties": "[[\"FOV\",50],[\"NAME\",\"Camera 0\"],[\"TIME\",0]]"
    },
    {
      "matrix": "[-0.5765046333705103,0.8170938815407075,0,0,-0.35632411390236,-0.2514062426449804,0.8999044867521883,0,0.735306442201049,0.518799100633054,0.43608711237574316,0,0.4274738618035667,0.30301284135251244,-0.2600415331037201,1]",
      "fov": 50,
      "aspect": 1.6704545454545454,
      "properties": "[[\"FOV\",50],[\"NAME\",\"Camera 1\"],[\"TIME\",0.4444444444444444]]"
    },
    {
      "matrix": "[-0.8381082846106289,-0.5454750023913206,2.7755138114459192e-17,0,0.36550085447851793,-0.5615826441684506,0.742303906894841,0,-0.40490486754360877,0.6221258948251805,0.6700330895089148,0,-0.2849321781671781,0.39882136474855084,-0.1612347190854337,1]",
      "fov": 50,
      "aspect": 1.6704545454545454,
      "properties": "[[\"FOV\",50],[\"NAME\",\"Camera 2\"],[\"TIME\",0.6666666666666666]]"
    },
    {
      "matrix": "[0.24320319170926952,-0.9699591138337771,1.1102055245783677e-16,0,0.47479787311153443,0.1190486861874949,0.8719950808650784,0,-0.8457925618106057,-0.2120702281390695,0.48948348545410203,0,-0.5154133073785021,-0.15982569465986946,-0.2543988959579238,1]",
      "fov": 50,
      "aspect": 1.6704545454545454,
      "properties": "[[\"FOV\",50],[\"NAME\",\"Camera 3\"],[\"TIME\",1]]"
    }
  ],
  "camera_type": "perspective",
  "render_height": 1080,
  "render_width": 1920,
  "camera_path": [
    {
      "camera_to_world": [
        0.974654816960284,
        -0.1345923372366289,
        0.1786977630897968,
        0.11131775986635921,
        0.22371407594542547,
        0.5863782565278757,
        -0.7785323066483583,
        -0.49839715680004953,
        -1.3877787807814457e-17,
        0.7987774677771717,
        0.6016265926398945,
        -0.080584769591733,
        0,
        0,
        0,
        1
      ],
      "fov": 50,
      "aspect": 1.6704545454545454
    },
    {
      "camera_to_world": [
        0.9724577409860773,
        -0.13916776054454974,
        0.18697132513107584,
        0.11605220732924589,
        0.2330738668295463,
        0.5860825511816122,
        -0.7760050359382828,
        -0.49593460869168804,
        -0.001585748207803953,
        0.7982102339769065,
        0.6023768818415541,
        -0.08066190727809261,
        0,
        0,
        0,
        1
      ],
      "fov": 50,
      "aspect": 1.6704545454545454
    },
    {
      "camera_to_world": [
        0.970108210887715,
        -0.14388736645708863,
        0.19541362527285597,
        0.12082524205173202,
        0.24265137233448258,
        0.5858393141516582,
        -0.7732480905236734,
        -0.4931790408925975,
        -0.003220352842315256,
        0.7975517060155775,
        0.6032419958517583,
        -0.08083563089677864,
        0,
        0,
        0,
        1
      ],
      "fov": 50,
      "aspect": 1.6704545454545454
    },
    {
      "camera_to_world": [
        0.9675965743514476,
        -0.1487598261079028,
        0.20402789867978835,
        0.12563471007228783,
        0.2524536079707121,
        0.5856390656012022,
        -0.7702558410452471,
        -0.4901359901515831,
        -0.004903582966920602,
        0.7968044923179698,
        0.6042173085041417,
        -0.0811040458443889,
        0,
        0,
        0,
        1
      ],
      "fov": 50,
      "aspect": 1.6704545454545454
    },
    {
      "camera_to_world": [
        0.9649125626617762,
        -0.15379392750442908,
        0.2128172321036213,
        0.13047845742938352,
        0.2624875635643648,
        0.5854718952148618,
        -0.7670221241186993,
        -0.48681099321744986,
        -0.006635163263083848,
        0.7959711601410444,
        0.6052981800998513,
        -0.08146525751752115,
        0,
        0,
        0,
        1
      ],
      "fov": 50,
      "aspect": 1.6704545454545454
    },
    {
      "camera_to_world": [
        0.962045257283681,
        -0.15899855877386962,
        0.2217845378871317,
        0.1353543301614892,
        0.27276017785742884,
        0.5853274019434288,
        -0.7635402529725197,
        -0.48320958683900306,
        -0.008414767564232305,
        0.7950542691175163,
        0.60647992616809,
        -0.08191737131277317,
        0,
        0,
        0,
        1
      ],
      "fov": 50,
      "aspect": 1.6704545454545454
    },
    {
      "camera_to_world": [
        0.9589830557879269,
        -0.16438268609519377,
        0.23093252526177266,
        0.14026017430707519,
        0.2832783082227693,
        0.5851946327960923,
        -0.7598030283152947,
        -0.4793373077650478,
        -0.010242011623506646,
        0.7940564049604887,
        0.6077577864076513,
        -0.08245849262674271,
        0,
        0,
        0,
        1
      ],
      "fov": 50,
      "aspect": 1.6704545454545454
    },
    {
      "camera_to_world": [
        0.9557136374046569,
        -0.16995532571244945,
        0.24026366879063402,
        0.14519383590461163,
        0.2940486950116091,
        0.5850620208055075,
        -0.7558027499109445,
        -0.47519969274438917,
        -0.01211644505331394,
        0.7929802135444183,
        0.6091268937473692,
        -0.08308672685602755,
        0,
        0,
        0,
        1
      ],
      "fov": 50,
      "aspect": 1.6704545454545454
    },
    {
      "camera_to_world": [
        0.9522239285623466,
        -0.17572550936331816,
        0.249780173817486,
        0.15015316099256876,
        0.3050779200096769,
        0.5849173223831056,
        -0.7515312293569358,
        -0.47080227852583245,
        -0.014037542372522364,
        0.7918284355434455,
        0.6105822434930114,
        -0.0838001793972255,
        0,
        0,
        0,
        1
      ],
      "fov": 50,
      "aspect": 1.6704545454545454
    },
    {
      "camera_to_world": [
        0.9485000688530069,
        -0.18170224239792448,
        0.25948393879661874,
        0.1551359956094167,
        0.31637235843977085,
        0.5847475543884189,
        -0.7469798045811014,
        -0.4661506018581827,
        -0.016004693096047434,
        0.7906039417713077,
        0.6121186625602688,
        -0.0845969556469343,
        0,
        0,
        0,
        1
      ],
      "fov": 50,
      "aspect": 1.6704545454545454
    },
    {
      "camera_to_world": [
        0.9445273779615617,
        -0.18789445380838637,
        0.269376514397795,
        0.1601401857936257,
        0.3279381239146616,
        0.5845389313586984,
        -0.7421393565964299,
        -0.461250199490245,
        -0.018017190801824623,
        0.7893097693263902,
        0.6137307788285769,
        -0.08547516100175173,
        0,
        0,
        0,
        1
      ],
      "fov": 50,
      "aspect": 1.6704545454545454
    },
    {
      "camera_to_world": [
        0.9402903242087384,
        -0.19431093734204022,
        0.2794590593068748,
        0.16516357758366598,
        0.33978100571716274,
        0.5842768034854844,
        -0.7370003290790433,
        -0.45610660817082466,
        -0.020074221112140217,
        0.7879491585997428,
        0.6154129906889343,
        -0.08643290085827558,
        0,
        0,
        0,
        1
      ],
      "fov": 50,
      "aspect": 1.6704545454545454
    },
    {
      "camera_to_world": [
        0.9357724954836398,
        -0.20096028283394407,
        0.2897322926765716,
        0.17020401701800775,
        0.35190639776647,
        0.5839455960846148,
        -0.731552751361384,
        -0.4507253646487267,
        -0.022174848530448987,
        0.786525591151798,
        0.6171594369010057,
        -0.0874682806131036,
        0,
        0,
        0,
        1
      ],
      "fov": 50,
      "aspect": 1.6704545454545454
    },
    {
      "camera_to_world": [
        0.9309565734852486,
        -0.20785079687118588,
        0.30019644322446254,
        0.17525935013512112,
        0.3643192186247648,
        0.5835287514867303,
        -0.725786265459039,
        -0.44511200567275633,
        -0.024318002081704426,
        0.7850428284038716,
        0.6189639669208569,
        -0.0885794056628336,
        0,
        0,
        0,
        1
      ],
      "fov": 50,
      "aspect": 1.6704545454545454
    },
    {
      "camera_to_world": [
        0.9258243123518828,
        -0.21499041189760146,
        0.3108511950278836,
        0.18032742297347634,
        0.3770238219094998,
        0.583008674477505,
        -0.7196901577739802,
        -0.43927206799171875,
        -0.026502459714477046,
        0.7835049510220609,
        0.62082011191085,
        -0.0897643814040633,
        0,
        0,
        0,
        1
      ],
      "fov": 50,
      "aspect": 1.6704545454545454
    },
    {
      "camera_to_world": [
        0.9203565229340064,
        -0.22238658288858487,
        0.32169563012879815,
        0.18540608157154362,
        0.3900238965094181,
        0.5823666826407916,
        -0.7132533961374248,
        -0.4332110883544189,
        -0.02872683143746721,
        0.7819163987927982,
        0.6227210566975114,
        -0.09102131323339054,
        0,
        0,
        0,
        1
      ],
      "fov": 50,
      "aspect": 1.6704545454545454
    },
    {
      "camera_to_world": [
        0.9145330641579963,
        -0.23004617077858622,
        0.33272816813713874,
        0.1904931719677932,
        0.4033223560616267,
        0.5815829632029048,
        -0.7064646728697954,
        -0.42693460350966217,
        -0.03098954118222847,
        0.7802820107001303,
        0.6246596130014143,
        -0.09234830654741306,
        0,
        0,
        0,
        1
      ],
      "fov": 50,
      "aspect": 1.6704545454545454
    },
    {
      "camera_to_world": [
        0.908332843134649,
        -0.2379753119165065,
        0.3439465031093739,
        0.19558654020069516,
        0.41692121723920517,
        0.5806365382404204,
        -0.6993124545408587,
        -0.4204481502062536,
        -0.03328880740886624,
        0.7786070648140964,
        0.6266281943248908,
        -0.09374346674272861,
        0,
        0,
        0,
        1
      ],
      "fov": 50,
      "aspect": 1.6704545454545454
    },
    {
      "camera_to_world": [
        0.901733825883325,
        -0.2461792729653195,
        0.35534753808080377,
        0.20068403230871976,
        0.4308214665308845,
        0.579505240393633,
        -0.6917850391071605,
        -0.41375726519299827,
        -0.035622622503115986,
        0.7768973174870564,
        0.6286187929480126,
        -0.095204899215935,
        0,
        0,
        0,
        1
      ],
      "fov": 50,
      "aspect": 1.6704545454545454
    },
    {
      "camera_to_world": [
        0.8947130607659053,
        -0.2546622908615576,
        0.3669273177456932,
        0.20578349433033727,
        0.4450229153739484,
        0.578165701517649,
        -0.6838706210831669,
        -0.4068674852187015,
        -0.037988731052472524,
        0.7751590412307324,
        0.6306229595497413,
        -0.09673070936363001,
        0,
        0,
        0,
        1
      ],
      "fov": 50,
      "aspect": 1.6704545454545454
    },
    {
      "camera_to_world": [
        0.8872467169474978,
        -0.2634273977180476,
        0.37868095990871314,
        0.2108827723040178,
        0.45952404373687294,
        0.5765933569949965,
        -0.6755573653635589,
        -0.39978434703216825,
        -0.04038460713686998,
        0.7733990605119315,
        0.6326317860380258,
        -0.0983190025824114,
        0,
        0,
        0,
        1
      ],
      "fov": 50,
      "aspect": 1.6704545454545454
    },
    {
      "camera_to_world": [
        0.8793101404138635,
        -0.2724762308999668,
        0.390602586473643,
        0.2159797122682316,
        0.4743218325476617,
        0.574762468716728,
        -0.6668334902532118,
        -0.39251338738220376,
        -0.042807430826665355,
        0.771624784561253,
        0.6346358922380769,
        -0.09996788426887696,
        0,
        0,
        0,
        1
      ],
      "fov": 50,
      "aspect": 1.6704545454545454
    },
    {
      "camera_to_world": [
        0.8708779302669228,
        -0.2818088289400549,
        0.4026852548895176,
        0.2210721602614488,
        0.4894115857354512,
        0.5726461699988827,
        -0.6576873601746668,
        -0.38506014301761327,
        -0.0452540641480072,
        0.7698442361393931,
        0.6366254171497101,
        -0.1016754598196244,
        0,
        0,
        0,
        1
      ],
      "fov": 50,
      "aspect": 1.6704545454545454
    },
    {
      "camera_to_world": [
        0.8619240381742013,
        -0.2914234144926946,
        0.414920891138175,
        0.22615796232213964,
        0.5047867431039836,
        0.570216535919751,
        -0.6481075884065486,
        -0.3774301506872017,
        -0.04772102685348392,
        0.7680660750541575,
        0.6385900155396658,
        -0.10343983463125159,
        0,
        0,
        0,
        1
      ],
      "fov": 50,
      "aspect": 1.6704545454545454
    },
    {
      "camera_to_world": [
        0.852421893947052,
        -0.3013161661654479,
        0.42730022551723185,
        0.2312349644887744,
        0.5204386857914474,
        0.5674446827183012,
        -0.6380831500567912,
        -0.3696289471397744,
        -0.050204472424199696,
        0.766299615073688,
        0.6405188606797814,
        -0.10525911410035625,
        0,
        0,
        0,
        1
      ],
      "fov": 50,
      "aspect": 1.6704545454545454
    },
    {
      "camera_to_world": [
        0.8423445602436026,
        -0.31148098181394723,
        0.43981273264451,
        0.2363010127998231,
        0.5363565366947325,
        0.5643008999588153,
        -0.6276035052885723,
        -0.3616620691241364,
        -0.05270016482748348,
        0.7645548327451018,
        0.642400654072881,
        -0.10713140362353617,
        0,
        0,
        0,
        1
      ],
      "fov": 50,
      "aspect": 1.6704545454545454
    },
    {
      "camera_to_world": [
        0.8316649193097758,
        -0.32190923674026667,
        0.45244657727820575,
        0.24135395329375614,
        0.5525269589460347,
        0.5607548191105811,
        -0.6166587325921093,
        -0.3535350533890929,
        -0.05520345666089571,
        0.762842366511954,
        0.644223643020908,
        -0.10905480859738911,
        0,
        0,
        0,
        1
      ],
      "fov": 50,
      "aspect": 1.6704545454545454
    },
    {
      "camera_to_world": [
        0.8203558944564782,
        -0.3325895411876365,
        0.4651885677046559,
        0.24639163200904357,
        0.5689339563190718,
        0.5567756219802233,
        -0.6052396716307219,
        -0.34525343668344916,
        -0.05770926942563141,
        0.7611735044397782,
        0.645975646879375,
        -0.11102743441851286,
        0,
        0,
        0,
        1
      ],
      "fov": 50,
      "aspect": 1.6704545454545454
    },
    {
      "camera_to_world": [
        0.8083907085920198,
        -0.34350750255852236,
        0.4780241185840929,
        0.25141189498415567,
        0.5855586802969135,
        0.5523322920314122,
        -0.593338074885022,
        -0.33682275575601006,
        -0.0602120767872122,
        0.7595601588191245,
        0.6476440928037848,
        -0.11304738648350518,
        0,
        0,
        0,
        1
      ],
      "fov": 50,
      "aspect": 1.6704545454545454
    },
    {
      "camera_to_world": [
        0.795743181554183,
        -0.35464549887065794,
        0.4909372252547253,
        0.25641258825756263,
        0.6023792494304665,
        0.5473939109951897,
        -0.5809467669769566,
        -0.328248547355581,
        -0.06270589179347189,
        0.7580148259342773,
        0.6492160617222997,
        -0.11511277018896386,
        0,
        0,
        0,
        1
      ],
      "fov": 50,
      "aspect": 1.6704545454545454
    },
    {
      "camera_to_world": [
        0.7823880671858301,
        -0.36598247106595416,
        0.5039104515662275,
        0.2613915578677345,
        0.6193705875224043,
        0.5419300022790168,
        -0.5680598101802458,
        -0.319536348230967,
        -0.06518425912268286,
        0.7565505293781263,
        0.6506783451601137,
        -0.11722169093148667,
        0,
        0,
        0,
        1
      ],
      "fov": 50,
      "aspect": 1.6704545454545454
    },
    {
      "camera_to_world": [
        0.7683014300456947,
        -0.3774937428454525,
        0.5169249333339143,
        0.2663466498531417,
        0.6365042880401438,
        0.5359109214944835,
        -0.5546726742227737,
        -0.31069169513097317,
        -0.0676402535200013,
        0.7551807454745288,
        0.6520175133907715,
        -0.11937225410767138,
        0,
        0,
        0,
        1
      ],
      "fov": 50,
      "aspect": 1.6704545454545454
    },
    {
      "camera_to_world": [
        0.7534610603245326,
        -0.3891508776498868,
        0.5299603994629729,
        0.2712757102522544,
        0.6537485129351418,
        0.5293082929229751,
        -0.5407824080700637,
        -0.30172012480440474,
        -0.07006648563843963,
        0.7539193096527566,
        0.6532199951953319,
        -0.12156256511411577,
        0,
        0,
        0,
        1
      ],
      "fov": 50,
      "aspect": 1.6704545454545454
    },
    {
      "camera_to_world": [
        0.7378469239413799,
        -0.40092158315582077,
        0.5429952126769388,
        0.2761765851035426,
        0.671067934653635,
        0.5220954889211377,
        -0.52638781096061,
        -0.29262717400006694,
        -0.0724551165201488,
        0.7527803030154472,
        0.6542721692705744,
        -0.12379072934741758,
        0,
        0,
        0,
        1
      ],
      "fov": 50,
      "aspect": 1.6704545454545454
    },
    {
      "camera_to_world": [
        0.7214416429383531,
        -0.4127696741152044,
        0.5560064315862163,
        0.28104712044547675,
        0.6884237304845414,
        0.5142481471501407,
        -0.5114895995603379,
        -0.28341837946676474,
        -0.07479788192293614,
        0.7517779188586715,
        0.6551604670432788,
        -0.12605485220417464,
        0,
        0,
        0,
        1
      ],
      "fov": 50,
      "aspect": 1.6704545454545454
    },
    {
      "camera_to_world": [
        0.7042309992112262,
        -0.42465510442683885,
        0.568969895542979,
        0.2858851623165269,
        0.7057736384146512,
        0.5057447181372839,
        -0.4960905677345462,
        -0.2740992779533033,
        -0.07708612760350038,
        0.7509263095407362,
        0.6558714863223032,
        -0.12835303908098472,
        0,
        0,
        0,
        1
      ],
      "fov": 50,
      "aspect": 1.6704545454545454
    },
    {
      "camera_to_world": [
        0.6862044523704424,
        -0.43653407888530027,
        0.5818603333436159,
        0.2906885567551632,
        0.7230720832586142,
        0.49656703311965944,
        -0.48019573512348773,
        -0.264675406208488,
        -0.07931085650167403,
        0.7502394148473548,
        0.6563921148600655,
        -0.13068339537444557,
        0,
        0,
        0,
        1
      ],
      "fov": 50,
      "aspect": 1.6704545454545454
    },
    {
      "camera_to_world": [
        0.6673556602177536,
        -0.4483592540073342,
        0.5946514963584241,
        0.2954551497998561,
        0.7402703809162349,
        0.48670087948638857,
        -0.46381248047600904,
        -0.2551523009811236,
        -0.08146278852002732,
        0.7497307738469607,
        0.6567096625095283,
        -0.13304402648115496,
        0,
        0,
        0,
        1
      ],
      "fov": 50,
      "aspect": 1.6704545454545454
    },
    {
      "camera_to_world": [
        0.6476829880737409,
        -0.46008003560741423,
        0.6073163160951227,
        0.30018278748907545,
        0.7573170271123641,
        0.47613656857318376,
        -0.4469506555684249,
        -0.2455354990200156,
        -0.0835324332553607,
        0.7494133231420658,
        0.6568120002646148,
        -0.13543303779771068,
        0,
        0,
        0,
        1
      ],
      "fov": 50,
      "aspect": 1.6704545454545454
    },
    {
      "camera_to_world": [
        0.6271899911574769,
        -0.4716429783346969,
        0.61982708554843,
        0.30486931586129173,
        0.7741580748519592,
        0.46486947824828734,
        -0.4296226755359564,
        -0.23583053707396903,
        -0.08551017561315565,
        0.7492991853597212,
        0.6566877040769573,
        -0.13784853472071046,
        0,
        0,
        0,
        1
      ],
      "fov": 50,
      "aspect": 1.6704545454545454
    },
    {
      "camera_to_world": [
        0.6058858525816785,
        -0.48299228919027015,
        0.6321556629692684,
        0.309512580954975,
        0.7907376020701504,
        0.4529005508654034,
        -0.4118435815915585,
        -0.22604295189178902,
        -0.08738637373023932,
        0.7493994526342789,
        0.6563262009684836,
        -0.14028862264675215,
        0,
        0,
        0,
        1
      ],
      "fov": 50,
      "aspect": 1.6704545454545454
    },
    {
      "camera_to_world": [
        0.5837857584777397,
        -0.49407043317185023,
        0.6442736959273989,
        0.3141104288085955,
        0.806998267619741,
        0.4402367259630711,
        -0.3936310724168672,
        -0.2161782802222807,
        -0.08915146806030384,
        0.7497239706576656,
        0.6557179146279263,
        -0.14275140697243346,
        0,
        0,
        0,
        1
      ],
      "fov": 50,
      "aspect": 1.6704545454545454
    },
    {
      "camera_to_world": [
        0.5609111914950037,
        -0.5048188347662181,
        0.656152862769746,
        0.3186607054606235,
        0.8228819499203903,
        0.4268912867721323,
        -0.3750055009906515,
        -0.20624205881424923,
        -0.09079609986597267,
        0.7502811295396619,
        0.6548544074111569,
        -0.14523499309435225,
        0,
        0,
        0,
        1
      ],
      "fov": 50,
      "aspect": 1.6704545454545454
    },
    {
      "camera_to_world": [
        0.5372901245947527,
        -0.515178664222891,
        0.6677651278274965,
        0.3231612569495291,
        0.8383304584613054,
        0.4128841003374894,
        -0.3559898342713732,
        -0.1962398244164998,
        -0.0923112367429501,
        0.7510776681662289,
        0.653728515480981,
        -0.14773748640910622,
        0,
        0,
        0,
        1
      ],
      "fov": 50,
      "aspect": 1.6704545454545454
    },
    {
      "camera_to_world": [
        0.51295709880376,
        -0.5250916926595546,
        0.6790830060358994,
        0.3276099293137824,
        0.8532863041292377,
        0.3982417329994531,
        -0.33660957396226643,
        -0.18617711377783752,
        -0.09368830221695665,
        0.7521184989065994,
        0.6523344737404179,
        -0.15025699231329312,
        0,
        0,
        0,
        1
      ],
      "fov": 50,
      "aspect": 1.6704545454545454
    },
    {
      "camera_to_world": [
        0.48795317145976075,
        -0.5345011953904062,
        0.6900798320401691,
        0.3320045685918539,
        0.867693510302303,
        0.38299742616976834,
        -0.31689263753927793,
        -0.1760594636470675,
        -0.09491930594788806,
        0.7534065593512972,
        0.6506680272495426,
        -0.1527916162035108,
        0,
        0,
        0,
        1
      ],
      "fov": 50,
      "aspect": 1.6704545454545454
    },
    {
      "camera_to_world": [
        0.4623257254402123,
        -0.5433528787866096,
        0.7007300284064366,
        0.3363430208222135,
        0.8814984431147344,
        0.36719092173736867,
        -0.2968691997832735,
        -0.16589241077299505,
        -0.09599697069429317,
        0.7549426972346743,
        0.6487265259795947,
        -0.15533946347635702,
        0,
        0,
        0,
        1
      ],
      "fov": 50,
      "aspect": 1.6704545454545454
    },
    {
      "camera_to_world": [
        0.4361281347861782,
        -0.5515958028306501,
        0.7110093672713038,
        0.34062313204333167,
        0.8946506365694327,
        0.350868131899183,
        -0.27657149618767035,
        -0.15568149190442498,
        -0.09691485197759034,
        0.7567255938034526,
        0.6465090000525698,
        -0.15789863952842953,
        0,
        0,
        0,
        1
      ],
      "fov": 50,
      "aspect": 1.6704545454545454
    },
    {
      "camera_to_world": [
        0.40941928778402226,
        -0.5591832696374704,
        0.7208952196734086,
        0.34484274829367834,
        0.9071035865375477,
        0.3340806544709472,
        -0.2560335907629726,
        -0.14543224379016273,
        -0.09766744637360852,
        0.7587517296624844,
        0.6440162130358571,
        -0.1604672497563261,
        0,
        0,
        0,
        1
      ],
      "fov": 50,
      "aspect": 1.6704545454545454
    },
    {
      "camera_to_world": [
        0.38226297462701087,
        -0.566073647837349,
        0.730366786932036,
        0.3489997156117238,
        0.9188154873592735,
        0.31688514143173085,
        -0.23529111187746243,
        -0.13515020317901355,
        -0.0982502845698161,
        0.7610153956155609,
        0.6412506913977103,
        -0.16304339955664449,
        0,
        0,
        0,
        1
      ],
      "fov": 50,
      "aspect": 1.6704545454545454
    },
    {
      "camera_to_world": [
        0.35472715285696665,
        -0.5722311039949086,
        0.7394053087764236,
        0.35309188003593833,
        0.9297498858772247,
        0.2993425351600784,
        -0.21438096080395017,
        -0.12484090681978222,
        -0.0986600057636216,
        0.7635087493046201,
        0.6382167288609857,
        -0.16562519432598252,
        0,
        0,
        0,
        1
      ],
      "fov": 50,
      "aspect": 1.6704545454545454
    },
    {
      "camera_to_world": [
        0.32688310945872234,
        -0.5776262151901052,
        0.7479942434776831,
        0.35711708760479216,
        0.9398762303078948,
        0.28151719305982886,
        -0.19334099853351427,
        -0.11450989146127402,
        -0.09889441062475803,
        0.7662219166382996,
        0.6349203650933811,
        -0.168210739460938,
        0,
        0,
        0,
        1
      ],
      "fov": 50,
      "aspect": 1.6704545454545454
    },
    {
      "camera_to_world": [
        0.2988045433308582,
        -0.5822364413819577,
        0.7561194159732385,
        0.3610731843567553,
        0.9491702952767807,
        0.26347592659080415,
        -0.17220971712219474,
        -0.10416269385229432,
        -0.09895249086822644,
        0.7691431352056595,
        0.6313693389110547,
        -0.17079814035810856,
        0,
        0,
        0,
        1
      ],
      "fov": 50,
      "aspect": 1.6704545454545454
    },
    {
      "camera_to_world": [
        0.27056659551994605,
        -0.5860464419472973,
        0.7637691308698324,
        0.36495801633029806,
        0.9576144693764964,
        0.24528698471296714,
        -0.15102590231874846,
        -0.09380485074164813,
        -0.09883443443212217,
        0.772258935209774,
        0.6275730169144853,
        -0.1733855024140921,
        0,
        0,
        0,
        1
      ],
      "fov": 50,
      "aspect": 1.6704545454545454
    },
    {
      "camera_to_world": [
        0.2422448568085352,
        -0.5890482274523903,
        0.770934248224198,
        0.3687694295638907,
        0.9651978974204336,
        0.22701901412379982,
        -0.12982829445630165,
        -0.08344189887814044,
        -0.09854160626347874,
        0.7755543520356618,
        0.6235422991855151,
        -0.17597093102548636,
        0,
        0,
        0,
        1
      ],
      "fov": 50,
      "aspect": 1.6704545454545454
    },
    {
      "camera_to_world": [
        0.2139143828368739,
        -0.5912411448137099,
        0.7776082210823733,
        0.37250527009600337,
        0.9719164757540019,
        0.2087400292535126,
        -0.10865525456766284,
        -0.07307937501057665,
        -0.09807650571589642,
        0.779013163474544,
        0.6192895043192185,
        -0.17855253158888912,
        0,
        0,
        0,
        1
      ],
      "fov": 50,
      "aspect": 1.6704545454545454
    },
    {
      "camera_to_world": [
        0.18564874589942523,
        -0.592631701042431,
        0.7837870948577332,
        0.3761633839651062,
        0.9777727051201243,
        0.19051642376863606,
        -0.08754444240775205,
        -0.06272281588776174,
        -0.09744270248738685,
        0.7826181439207527,
        0.6148282366140893,
        -0.18112840950089815,
        0,
        0,
        0,
        1
      ],
      "fov": 50,
      "aspect": 1.6704545454545454
    },
    {
      "camera_to_world": [
        0.15751915000998815,
        -0.5932332372711054,
        0.7894694696927649,
        0.3797416172096695,
        0.9827754112410385,
        0.17241205245868116,
        -0.06653251255583954,
        -0.05237775825850083,
        -0.09664475381591502,
        0.7863513275653762,
        0.6101732386757319,
        -0.18369667015811122,
        0,
        0,
        0,
        1
      ],
      "fov": 50,
      "aspect": 1.6704545454545454
    },
    {
      "camera_to_world": [
        0.12959363201295504,
        -0.5930654703209126,
        0.7946564279326793,
        0.38323781586816336,
        0.9869393481174551,
        0.15448740811071307,
        -0.04565483405650365,
        -0.04204973887159916,
        -0.0956881062576937,
        0.7901942727255552,
        0.6053402329868283,
        -0.1862554189571261,
        0,
        0,
        0,
        1
      ],
      "fov": 50,
      "aspect": 1.6704545454545454
    },
    {
      "camera_to_world": [
        0.10193636676093036,
        -0.5921539233758393,
        0.7993514296992168,
        0.38664982597905795,
        0.9902847027911283,
        0.13679891267802435,
        -0.024945238182807163,
        -0.031744294475862106,
        -0.09457898577098303,
        0.7941283199336937,
        0.6003457561520872,
        -0.18880276129454057,
        0,
        0,
        0,
        1
      ],
      "fov": 50,
      "aspect": 1.6704545454545454
    },
    {
      "camera_to_world": [
        0.07460708905898501,
        -0.5905292702015639,
        0.8035601802586744,
        0.3899754935808237,
        0.9928365228089695,
        0.11939833614184735,
        -0.004435797916153901,
        -0.02146696182009425,
        -0.09332428000654065,
        0.7981348372059491,
        0.5952069895418686,
        -0.19133680256695246,
        0,
        0,
        0,
        1
      ],
      "fov": 50,
      "aspect": 1.6704545454545454
    },
    {
      "camera_to_world": [
        0.0476606395814711,
        -0.5882266187270847,
        0.8072904734081692,
        0.3932126647119306,
        0.994624088821034,
        0.10233235037978884,
        0.015843358314329252,
        -0.01122327765310116,
        -0.09193141667358992,
        0.802195446937122,
        0.5899415899406802,
        -0.1938556481709594,
        0,
        0,
        0,
        1
      ],
      "fov": 50,
      "aspect": 1.6704545454545454
    },
    {
      "camera_to_world": [
        0.021146636659241727,
        -0.5852847597626092,
        0.8105520154485009,
        0.3963591854108489,
        0.9956802547018573,
        0.08564221949109585,
        0.035864197153758395,
        -0.0010187787236879686,
        -0.09040824163120698,
        0.8062922300445811,
        0.5845675235718193,
        -0.19635740350315928,
        0,
        0,
        0,
        1
      ],
      "fov": 50,
      "aspect": 1.6704545454545454
    },
    {
      "camera_to_world": [
        -0.004890728983214771,
        -0.5817454053245116,
        0.8133562344716075,
        0.3994129017160489,
        0.9960407764526205,
        0.06936362272297936,
        0.05560089465472138,
        0.009140998219340335,
        -0.0887628999845881,
        0.8104079042226598,
        0.5791029065371388,
        -0.1988401739601499,
        0,
        0,
        0,
        1
      ],
      "fov": 50,
      "aspect": 1.6704545454545454
    },
    {
      "camera_to_world": [
        -0.030412783563176487,
        -0.5776524387153621,
        0.815716079676093,
        0.40237165966600064,
        0.9957436491299387,
        0.05352660164474294,
        0.07502991492570618,
        0.019250516427178677,
        -0.08700372298547396,
        0.8145259743940397,
        0.5735658543045489,
        -0.20130206493852898,
        0,
        0,
        0,
        1
      ],
      "fov": 50,
      "aspect": 1.6704545454545454
    },
    {
      "camera_to_world": [
        -0.05538635391398592,
        -0.5730511954420119,
        0.8176458152541329,
        0.40523330529917423,
        0.9948284683987829,
        0.038155619683553535,
        0.09413005444541178,
        0.029304239151021427,
        -0.08513912298965068,
        0.8186308545913995,
        0.5679743424200675,
        -0.20374118183489429,
        0,
        0,
        0,
        1
      ],
      "fov": 50,
      "aspect": 1.6704545454545454
    },
    {
      "camera_to_world": [
        -0.07978365809213604,
        -0.5679877905348659,
        0.8191608130915189,
        0.40799568465404024,
        0.9933358302721185,
        0.023269719630778143,
        0.11288245411004462,
        0.039296629642063985,
        -0.08317749815327756,
        0.8227079615219646,
        0.5623460801404552,
        -0.20615563004584359,
        0,
        0,
        0,
        1
      ],
      "fov": 50,
      "aspect": 1.6704545454545454
    },
    {
      "camera_to_world": [
        -0.10358211693732812,
        -0.5625085041276907,
        0.8202773481175799,
        0.41065664376906863,
        0.9913067794128172,
        0.008882763232370411,
        0.13127058165311042,
        0.04922215115150097,
        -0.08112714798986817,
        0.8267437809269481,
        0.5566983981992804,
        -0.20854351496797469,
        0,
        0,
        0,
        1
      ],
      "fov": 50,
      "aspect": 1.6704545454545454
    },
    {
      "camera_to_world": [
        -0.12676410120430345,
        -0.5566592335050276,
        0.821012399662429,
        0.4132140286827296,
        0.9887823132367559,
        -0.004996263592993575,
        0.14928018750081862,
        0.05907526693052717,
        -0.07899620038986284,
        0.8307259085304276,
        0.5510481514534461,
        -0.21090294199788534,
        0,
        0,
        0,
        1
      ],
      "fov": 50,
      "aspect": 1.6704545454545454
    },
    {
      "camera_to_world": [
        -0.1493166287705463,
        -0.5504850164115342,
        0.8213834616541728,
        0.41566568543349336,
        0.985802946130404,
        -0.018362896138053524,
        0.1668992374040068,
        0.06885044023033748,
        -0.07679255024554679,
        0.8346430678750144,
        0.5454116367249321,
        -0.21323201653217336,
        0,
        0,
        0,
        1
      ],
      "fov": 50,
      "aspect": 1.6704545454545454
    },
    {
      "camera_to_world": [
        -0.17123102573376772,
        -0.5440296273801669,
        0.8214083639449737,
        0.41800946005983014,
        0.982408335496485,
        -0.031216802257012004,
        0.18411782532897997,
        0.07854213430212709,
        -0.07452380943824564,
        0.8384851076730244,
        0.539804525765919,
        -0.21552884396743655,
        0,
        0,
        0,
        1
      ],
      "fov": 50,
      "aspect": 1.6704545454545454
    },
    {
      "camera_to_world": [
        -0.1925025640929973,
        -0.5373352462585633,
        0.8211051065155243,
        0.42024319860021,
        0.9786369691378292,
        -0.04356137370340919,
        0.2009280701091701,
        0.08814481239709027,
        -0.07219726763766844,
        0.8422429814782197,
        0.534241812942729,
        -0.21779152970027252,
        0,
        0,
        0,
        1
      ],
      "fov": 50,
      "aspect": 1.6704545454545454
    },
    {
      "camera_to_world": [
        -0.2131300872978937,
        -0.5304421960337968,
        0.8204917077918797,
        0.42236474709310334,
        0.9745259117131199,
        -0.055403309820143125,
        0.21732399927455287,
        0.09765293776642214,
        -0.06981986313438923,
        0.8459087125262492,
        0.5287377769595045,
        -0.22001817912727917,
        0,
        0,
        0,
        1
      ],
      "fov": 50,
      "aspect": 1.6704545454545454
    },
    {
      "camera_to_world": [
        -0.23311563337962404,
        -0.5233887454752211,
        0.8195860678317384,
        0.4243719515769804,
        0.9701106066470742,
        -0.06675220411639592,
        0.23330142330566464,
        0.10706097366131778,
        -0.06739816277067683,
        0.8494753465260055,
        0.5233059557272973,
        -0.2222068976450543,
        0,
        0,
        0,
        1
      ],
      "fov": 50,
      "aspect": 1.6704545454545454
    },
    {
      "camera_to_world": [
        -0.25246406375087066,
        -0.5162109710047006,
        0.8184058467097974,
        0.4262626580903113,
        0.9654247289255382,
        -0.07762014238663077,
        0.2488578033233644,
        0.1163633833329718,
        -0.06493834994398516,
        0.8529368950340132,
        0.5179591333264518,
        -0.2243557906501956,
        0,
        0,
        0,
        1
      ],
      "fov": 50,
      "aspect": 1.6704545454545454
    },
    {
      "camera_to_world": [
        -0.27118270416801127,
        -0.5089426715144675,
        0.8169683580603607,
        0.4280347126715659,
        0.960500083610152,
        -0.0880213191942804,
        0.2639921149432111,
        0.12555463003257877,
        -0.062446219621494076,
        0.8562882718331576,
        0.5127093379059607,
        -0.22646296353930084,
        0,
        0,
        0,
        1
      ],
      "fov": 50,
      "aspect": 1.6704545454545454
    },
    {
      "camera_to_world": [
        -0.28928100284879993,
        -0.5016153295247269,
        0.815290477422981,
        0.4296859613592148,
        0.955366544615434,
        -0.0979716778290956,
        0.278704710711746,
        0.13462917701133426,
        -0.05992717931255233,
        0.8595252244868393,
        0.5075678493073509,
        -0.22852652170896798,
        0,
        0,
        0,
        1
      ],
      "fov": 50,
      "aspect": 1.6704545454545454
    },
    {
      "camera_to_world": [
        -0.306770209377267,
        -0.4942581120406498,
        0.813388564783548,
        0.4312142501917282,
        0.9500520282474211,
        -0.10748857730093937,
        0.2929971832164626,
        0.14358148752043243,
        -0.05738625498836064,
        0.8626442629681326,
        0.5025452151862341,
        -0.23054457055579453,
        0,
        0,
        0,
        1
      ],
      "fov": 50,
      "aspect": 1.6704545454545454
    },
    {
      "camera_to_world": [
        -0.3236630768294536,
        -0.48689790466673544,
